148, 2432, 1, 0
301, 1227, 1, 0
400, 3760, 1, 0
500, 1880, 1, 0
600, 1880, 1, 0
700, 2080, 1, 0
800, 1720, 1, 0
900, 2000, 1, 0
1000, 2600, 1, 0
1101, 2376, 1, 0
1200, 2520, 1, 0
1300, 2480, 1, 0
1401, 2415, 1, 0
1500, 2200, 1, 0
1600, 2600, 1, 0
1700, 2040, 1, 0
1800, 1840, 1, 0
1900, 2440, 1, 0
2000, 2200, 1, 0
2100, 2320, 1, 0
2200, 2320, 1, 0
2300, 2320, 1, 0
2400, 2400, 1, 0
2500, 2400, 1, 0
2601, 2217, 1, 0
2700, 2080, 1, 0
2800, 2240, 1, 0
2900, 2400, 1, 0
3001, 2336, 1, 0
3100, 2280, 1, 0
3200, 2840, 1, 0
3301, 2178, 1, 0
3400, 2240, 1, 0
3500, 2480, 1, 0
3600, 1640, 1, 0
3701, 2455, 1, 0
3800, 2560, 1, 0
3900, 2200, 1, 0
4000, 2280, 1, 0
4100, 2440, 1, 0
4200, 2720, 1, 0
4301, 2534, 1, 0
4400, 2320, 1, 0
4500, 2240, 1, 0
4600, 2280, 1, 0
4700, 2160, 1, 0
4800, 2560, 1, 0
4900, 2640, 1, 0
5000, 2640, 1, 0
5101, 2455, 1, 0
5300, 1280, 1, 0
5400, 3640, 1, 0
5500, 2360, 1, 0
5600, 2200, 1, 0
5700, 2680, 1, 0
5800, 2520, 1, 0
5900, 2600, 1, 0
6001, 2772, 1, 0
6100, 2640, 1, 0
6200, 2560, 1, 0
6300, 2240, 1, 0
6400, 2320, 1, 0
6500, 2280, 1, 0
6600, 2440, 1, 0
6701, 2455, 1, 0
6800, 2600, 1, 0
6900, 2680, 1, 0
7000, 2600, 1, 0
7101, 2415, 1, 0
7200, 2880, 1, 0
7300, 2800, 1, 0
7400, 2760, 1, 0
7500, 2200, 1, 0
7600, 2200, 1, 0
7701, 2138, 1, 0
7800, 2560, 1, 0
7900, 2560, 1, 0
8000, 2280, 1, 0
8101, 2613, 1, 0
8200, 2200, 1, 0
8300, 2560, 1, 0
8400, 2480, 1, 0
8500, 2320, 1, 0
8600, 1960, 1, 0
8700, 2920, 1, 0
8801, 2732, 1, 0
8900, 2480, 1, 0
9000, 2240, 1, 0
9100, 2760, 1, 0
9200, 2240, 1, 0
9300, 2960, 1, 0
9400, 2720, 1, 0
9501, 2851, 1, 0
9600, 2800, 1, 0
9700, 2760, 1, 0
9800, 2040, 1, 0
9900, 3000, 1, 0
10000, 2640, 1, 0
10101, 2099, 1, 0
10300, 520, 1, 0
10400, 760, 1, 0
10500, 4360, 1, 0
10600, 2240, 1, 0
10700, 2200, 1, 0
10800, 2240, 1, 0
10900, 2320, 1, 0
11001, 2811, 1, 0
11100, 3080, 1, 0
11200, 2360, 1, 0
11300, 2720, 1, 0
11400, 2680, 1, 0
11500, 2680, 1, 0
11601, 2693, 1, 0
11700, 2480, 1, 0
11800, 3000, 1, 0
11901, 2059, 1, 0
12000, 2480, 1, 0
12100, 2240, 1, 0
12200, 2480, 1, 0
12300, 2440, 1, 0
12400, 2560, 1, 0
12500, 2160, 1, 0
12601, 2099, 1, 0
12700, 3280, 1, 0
12800, 3080, 1, 0
12900, 2680, 1, 0
13000, 2120, 1, 0
13100, 3240, 1, 0
13200, 2360, 1, 0
13300, 2760, 1, 0
13400, 2560, 1, 0
13500, 3000, 1, 0
13600, 3560, 1, 0
13700, 800, 1, 0